22
99
18
53
20
99
72
78
58
87
92
55
44
70
52
36
84
99
59
75
14
69
79
6
95
90
8
64
88
2
56
64
70
91
4
78
16
77
25
9
93
14
34
2
73
6
90
35
70
80
1
100
50
27
10
40
41
98
57
17
23
35
6
1
21
6
54
33
71
83
42
54
61
1
70
3
83
98
74
10
9
49
45
78
44
71
41
81
2
83
36
13
90
9
20
92
86
12
6
89
59
3
95
93
15
21
34
30
34
15
26
96
26
72
59
100
18
79
16
97
96
72
88
28
66
15
81
5
58
29
41
91
97
68
42
98
10
1
5
16
96
40
51
41
18
89
70
15
96
93
75
100
12
23
61
2
52
73
42
92
75
92
20
9
66
51
20
13
3
88
22
31
84
96
34
69
33
85
33
3
47
96
50
44
36
71
62
12
99
90
16
59
96
26
63
13
43
3
55
65

